514677063664954565
985231157422058
506655026838668336
75998312453216420
267471665358980400
495536765258530075
630996597792731260
761108405778750076
740208888757002704
850969292093197245
22447698132108942
3307399715769426
575405289896518490
1477812368839437
352688214576777599
6544361948576362
138204282303461272
616289530250678256
68727809692
696228423646698317
485333297350681787
776871004473696724
674625219183733777
10062799157160297
566257353154174809
140806228473056
483433341254080515
457608012146744787
24277285478194830
143270831888649161
402579654196026222
460141286932847837
245798092152623247
421579215126238695
728879520946971010
785667097496008514
319333429836396400
1079667710637588709
744923594616338272
4714774599401204
774196992194644114
372180356711710381
352547477072021464
777082110693420218
4714774599401205
654007177139313433
911838255773832840
211809988711228042
828732768932872262
833940055991174522
327848047873821706
362469470006946411
614459942890690131
211174972719105
741616263641436773
634655772490649700
18014467250234303
1688918598395971
854909941767702550
133630313934898706
5911043252647090
763289836847333929
421297740150047520
422281205626462
281543698357928
88735055147931064
1002825041995550548
662662532664210810
313000242861291310
774124924969723
131800726582921888
456833955958162854
1337074881324818
5488830785121533
7810999338242809
844493668321429
802274121121363845
839921399249102754
729794314618122970
140806228135801
703756182079833
647885096394899621
771100767437469023
3799980924975372
140806228997974
849843392187098320
8655424270387217
140737557095196206
613404411750025388
36099234502750441
843228730233494815
445434219403649602
30751209946414560
471611392222178956
757238124850227219
569916527814739733
633387436887939
754001162615478874
28006828923101607
55450639152349965
211174972718761
12455336461033028
24699497945264622
634937247467847040
460141286915820762
1002825041995550553
213076626110692490
422281206103468
772648879824127038
3237030969946349
535506211950093978
622200504772259203
801781539906868158
810436895446292896
785667097496008513
436638126380783098
354728908157043355
211174971342319
88735055147931091
211809988713620871
616641373980828046
402650022943398366
140806226432196
1054616437710318554
667940188480020558
149604018862383380
753508581385327077
1266706131721600
787707791076813945
2322237297305847
950681802559899354
677721443927950374
639722322071539218
594334482076532235
20266267062020719
1123577807004412064
399483429457010087
818529301026103759
637540891002207988
30962316177077805
767160117776572222
425238389823487210
655414552023687857
33214115990871388
818881144747324399
1055599901822363
5348093297454139
9992430410888093
689473024204044779
754282637592809970
769763761312753968
68742811645
789537378425279291
238057530289825133
775111785868573394
430234570661181065
367817494571579392
4081455898201545
811985007818535086
563018691121884
791789178241125089
844493667321264
292030357096317805
72761350223334101
211809988713452663
802274121121372159
799037158889875747
809522101774812054
845832373759145442
643662971745695245
797840890237441484
743094007268909001
15762667436777483
354165958203106706
817403401120597563
1125968647435395
23432860568151548
610941505701800795
819936675910392029
635781672390774882
855402522975997555
93660867241256801
802274121121394083
319826011011783500
837528861956773847
6333255716604631
689121180470934755
211174972700102
117093659051618004
